FID	IID	label
1561350	1561350	0
2276283	2276283	0
2493883	2493883	0
3593040	3593040	0
5107096	5107096	0
5126335	5126335	0
5985908	5985908	0
1411593	1411593	0
3221500	3221500	0
4175083	4175083	0
4618147	4618147	0
4961999	4961999	0
5105918	5105918	0
6011036	6011036	0
3204346	3204346	0
4138988	4138988	0
4781329	4781329	0
4845777	4845777	0
6006757	6006757	0
1405061	1405061	0
2686070	2686070	0
2949830	2949830	0
3870615	3870615	0
4609489	4609489	0
5002119	5002119	0
5287754	5287754	0
1460944	1460944	0
1472563	1472563	0
3803680	3803680	0
3857505	3857505	0
3889862	3889862	0
4687683	4687683	0
5858518	5858518	0
1340663	1340663	0
1444916	1444916	0
5140706	5140706	0
5289950	5289950	0
2196883	2196883	0
2304816	2304816	0
3068269	3068269	0
4572306	4572306	0
5527748	5527748	0
5815166	5815166	0
5109792	5109792	0
3014484	3014484	0
5698549	5698549	0
5976245	5976245	0
1371326	1371326	0
2106193	2106193	0
2164788	2164788	0
5921630	5921630	0
1486517	1486517	0
1793495	1793495	0
2523113	2523113	0
2669175	2669175	0
3805221	3805221	0
4233005	4233005	0
5954156	5954156	0
1985615	1985615	0
2374543	2374543	0
3076401	3076401	0
5463570	5463570	0
1793120	1793120	0
3045396	3045396	0
3381597	3381597	0
4830156	4830156	0
2442676	2442676	0
3042541	3042541	0
3163783	3163783	0
3674751	3674751	0
4340713	4340713	0
1016024	1016024	0
3587227	3587227	0
4652242	4652242	0
1415968	1415968	0
2431451	2431451	0
4626265	4626265	0
4688900	4688900	0
3827446	3827446	0
5577533	5577533	0
3681232	3681232	0
5000141	5000141	0
5027544	5027544	0
1752408	1752408	0
1819333	1819333	0
2838699	2838699	0
4996158	4996158	0
1911604	1911604	0
3658799	3658799	0
4610850	4610850	0
3915308	3915308	0
1540496	1540496	0
2850824	2850824	0
3617665	3617665	0
4464748	4464748	0
1540586	1540586	0
2764382	2764382	0
4998307	4998307	0
5979696	5979696	0
1152561	1152561	0
1675544	1675544	0
3708235	3708235	0
5684890	5684890	0
2591589	2591589	0
5738447	5738447	0
2243680	2243680	0
4483607	4483607	0
5588542	5588542	0
3728125	3728125	0
2166175	2166175	0
3435659	3435659	0
4912299	4912299	0
5296792	5296792	0
1108578	1108578	0
5221940	5221940	0
5936920	5936920	0
3883206	3883206	0
1708055	1708055	0
5403767	5403767	0
5705461	5705461	0
5741667	5741667	0
2280383	2280383	0
2886007	2886007	0
4933000	4933000	0
6018434	6018434	0
1641342	1641342	0
4281696	4281696	0
4819628	4819628	0
5580232	5580232	0
5410734	5410734	0
4171771	4171771	0
1857404	1857404	0
2412596	2412596	0
3268639	3268639	0
1613606	1613606	0
1863601	1863601	0
3904667	3904667	0
2808749	2808749	0
4491470	4491470	0
1116715	1116715	0
2322953	2322953	0
4262552	4262552	0
5904107	5904107	0
1448557	1448557	0
2141950	2141950	0
4457649	4457649	0
5282335	5282335	0
1087918	1087918	0
1340658	1340658	0
1781512	1781512	0
2806771	2806771	0
5199506	5199506	0
1962586	1962586	0
3820197	3820197	0
4542967	4542967	0
5692874	5692874	0
3215935	3215935	0
4258706	4258706	0
4573220	4573220	0
1570403	1570403	0
5458332	5458332	0
2142004	2142004	0
4936410	4936410	0
3103836	3103836	0
5321093	5321093	0
1505749	1505749	0
1919886	1919886	0
3357763	3357763	0
3530265	3530265	0
4310118	4310118	0
6023062	6023062	0
2431437	2431437	0
3702793	3702793	0
4511518	4511518	0
1088631	1088631	0
2634718	2634718	0
3718744	3718744	0
5233940	5233940	0
5504644	5504644	0
5604587	5604587	0
1587031	1587031	0
1746207	1746207	0
3618162	3618162	0
4370409	4370409	0
1327593	1327593	0
3108684	3108684	0
5445910	5445910	0
3234667	3234667	0
5657173	5657173	0
3638393	3638393	0
5514508	5514508	0
1640770	1640770	0
5250682	5250682	0
3970022	3970022	0
4344493	4344493	0
5867057	5867057	0
5836519	5836519	0
3781699	3781699	0
3973600	3973600	0
2225965	2225965	0
3937982	3937982	0
5060017	5060017	0
2770009	2770009	0
4684606	4684606	0
5276446	5276446	0
2733228	2733228	0
4510516	4510516	0
2022086	2022086	0
5195233	5195233	0
1901935	1901935	0
4916549	4916549	0
2276920	2276920	0
4037453	4037453	0
4646443	4646443	0
3746826	3746826	0
4340797	4340797	0
3157600	3157600	0
1945351	1945351	0
3688980	3688980	0
4014427	4014427	0
4750692	4750692	0
4810025	4810025	0
1124045	1124045	0
1428563	1428563	0
2970709	2970709	0
3136855	3136855	0
4692375	4692375	0
1550485	1550485	0
4140586	4140586	0
1485098	1485098	0
1449721	1449721	0
2781242	2781242	0
3311447	3311447	0
3499675	3499675	0
2358911	2358911	0
1401771	1401771	0
4643262	4643262	0
1409301	1409301	0
3386347	3386347	0
4091112	4091112	0
4535916	4535916	0
2662875	2662875	0
4544730	4544730	0
4677803	4677803	0
2739162	2739162	0
4217337	4217337	0
3335793	3335793	0
5090152	5090152	0
5275191	5275191	0
5995402	5995402	0
1354390	1354390	0
1411779	1411779	0
4466947	4466947	0
5867103	5867103	0
3094967	3094967	0
1662512	1662512	0
1985975	1985975	0
5751530	5751530	0
1288046	1288046	0
3084027	3084027	0
3280277	3280277	0
1058120	1058120	0
2132382	2132382	0
4715087	4715087	0
5085341	5085341	0
4224713	4224713	0
4055067	4055067	0
5016499	5016499	0
5749133	5749133	0
4324429	4324429	0
5854717	5854717	0
5031049	5031049	0
2569957	2569957	0
1161198	1161198	0
1214015	1214015	0
1352833	1352833	0
5690779	5690779	0
4288774	4288774	0
4353719	4353719	0
4176676	4176676	0
2084716	2084716	0
2900448	2900448	0
3429537	3429537	0
5642110	5642110	0
1576514	1576514	0
4305229	4305229	0
1577448	1577448	0
3684047	3684047	0
5614215	5614215	0
2760708	2760708	0
4751993	4751993	0
4065793	4065793	0
4592675	4592675	0
5199950	5199950	0
1836652	1836652	0
5520447	5520447	0
2522254	2522254	0
2104253	2104253	0
4552818	4552818	0
2254580	2254580	0
5969826	5969826	1
6016563	6016563	1
2658971	2658971	1
4853327	4853327	1
2441864	2441864	1
1905547	1905547	1
3321456	3321456	1
1416914	1416914	1
5870003	5870003	1
5063010	5063010	1
4988380	4988380	1
2165741	2165741	1
2747113	2747113	1
5121495	5121495	1
2376568	2376568	1
3730370	3730370	1
5537072	5537072	1
2324316	2324316	1
1553531	1553531	1
3216176	3216176	1
3084599	3084599	1
5537523	5537523	1
5175265	5175265	1
3608540	3608540	1
2180885	2180885	1
4848040	4848040	1
2098686	2098686	1
2683774	2683774	1
1040458	1040458	1
3622945	3622945	1
5038624	5038624	1
1293187	1293187	1
5623458	5623458	1
4434461	4434461	1
3714017	3714017	1
4633887	4633887	1
4316708	4316708	1
1996777	1996777	1
1799402	1799402	1
3253543	3253543	1
2992698	2992698	1
2115629	2115629	1
1722049	1722049	1
1243787	1243787	1
3366292	3366292	1
5266949	5266949	1
5968963	5968963	1
1859494	1859494	1
5242964	5242964	1
3749448	3749448	1
3407187	3407187	1
1789971	1789971	1
5113974	5113974	1
3949475	3949475	1
1832921	1832921	1
3984183	3984183	1
3262714	3262714	1
2166363	2166363	1
5263071	5263071	1
1806733	1806733	1
2509484	2509484	1
4976497	4976497	1
4170723	4170723	1
2730617	2730617	1
2820696	2820696	1
4200568	4200568	1
5885391	5885391	1
3302125	3302125	1
3172256	3172256	1
1352698	1352698	1
2583999	2583999	1
5036844	5036844	1
5194413	5194413	1
2007068	2007068	1
1838687	1838687	1
4380696	4380696	1
5671548	5671548	1
5623037	5623037	1
5395435	5395435	1
3719528	3719528	1
1037184	1037184	1
4249699	4249699	1
5534714	5534714	1
2140297	2140297	1
3260719	3260719	1
2494546	2494546	1
4132541	4132541	1
4868740	4868740	1
2984428	2984428	1
4447615	4447615	1
4986050	4986050	1
3697959	3697959	1
5749283	5749283	1
5844755	5844755	1
5262337	5262337	1
2954234	2954234	1
5040523	5040523	1
2517466	2517466	1
4509165	4509165	1
5557292	5557292	1
